1 -0.000699
2 0.000813
3 0.002990
4 0.017700
5 0.000032
6 0.025400
7 0.000312
8 -0.002860
9 0.032700
10 -0.005700
11 0.000025
12 -0.000472
13 0.000003
14 -0.003440
15 0.016900
16 0.014300
17 -0.229000
18 -0.001220
19 -0.000080
20 -0.003780
21 -0.001441
22 -0.001729
23 -0.001113
24 0.007020
25 -0.001276
26 -0.014974
27 0.003323
28 -0.002673
29 -0.002170
30 0.001159
31 0.002323
32 0.011636
33 0.006566
34 0.001105
35 -0.007383
36 -0.010147
37 0.002463
38 0.013111
39 0.000417
40 -0.001063
41 0.005318
42 -0.014535
43 -0.003123
44 0.004904
45 0.008734
46 -0.002406
47 0.003766
48 0.002482
49 0.007823
50 -0.011132
51 0.005683
52 -0.015145
53 -0.026199
54 -0.006069
55 -0.009158
56 0.008760
57 0.006643
58 -0.012191
59 0.008474
60 -0.010022
61 -0.000862
62 -0.002939
63 0.001144
64 0.008186
65 0.006384
66 0.003499
67 0.006499
68 0.004785
69 -0.006270
70 -0.007174
71 -0.004700
72 0.004993
73 -0.002501
74 0.023358
75 -0.008193
76 -0.010989
77 0.007685
78 0.014218
79 0.005057
80 0.008358
81 0.014263
82 -0.000940
83 -0.014230
84 -0.005321
85 0.009529
86 -0.014437
87 0.000335
88 0.002532
89 -0.003156
90 0.007236
91 0.005808
92 0.023214
93 0.006200
94 -0.006094
95 -0.005618
96 -0.008316
97 0.009523
98 -0.005668
99 -0.000703
100 0.007493
